5000
54194855
94935782
58059614
40440970
88695472
90891466
25620301
28813527
42418350
64642229
76824816
62995888
1645130
14557767
60611963
52105234
47208226
32118858
47090272
38246821
12344127
15723379
41042992
86790142
64090296
68659878
27539978
93600642
74837886
32852818
2590920
89041927
90186773
96802264
12579545
844784
7515323
23309809
70911447
88391884
43231371
21555710
44619275
94402782
35002327
68953897
58156958
35212968
23752970
74314423
90821623
76111307
61170666
14294744
1960973
91372456
23163757
60339968
51678294
71039784
59863160
30058779
93919037
16250483
68272587
99086815
41381485
40342077
3798089
5925130
80584961
90764083
22213005
68491269
99196074
6482160
79230634
45708829
76376230
84693652
5041419
82759450
15378509
24711657
74660170
48514648
64329224
99336290
15217654
13235185
87300603
80092515
88150122
46884738
82517273
97187140
82420263
96024527
73242797
18057031
4990111
39290297
55297661
61365469
37630233
9279338
62387114
30701980
18079624
85201993
16366013
55089014
73856869
35334211
96927367
52861841
96270886
48436715
43037835
14324219
26593629
89883634
20116885
74265261
23141420
69052120
8806206
29461906
90879010
26411399
60407363
7315415
13956775
12321790
7943857
96863640
38844082
66163740
4745937
23899876
41577961
45518545
83070707
56892767
93397668
58558803
22477252
84739037
87422365
21463575
32215767
88024463
67813095
53725178
73957851
82490998
19806590
33537856
83471188
1609276
6131181
80254180
28414810
55879417
32861694
21761410
4418448
1940279
65018563
70368847
83303366
53306232
83224501
22766946
16206059
27602769
58100219
59986121
39757559
32824159
20553288
20549942
19939680
96954423
92484694
28010225
40854881
97410253
78122605
18474128
77381742
79180073
49636631
31805307
28580007
94446233
53206249
3368607
77134260
79219101
22618757
1293727
16908118
95341976
6887320
50410560
89883304
48333486
46319117
34321590
54397253
17095895
65596655
87840276
21125476
99691153
41864194
55599806
24156572
47295557
91452804
32118190
964115
50571753
28247527
10508481
24889159
54539299
43554750
75924013
1844986
21836294
6032360
13866131
93059141
44712688
70580954
67042836
20518643
53990711
7667392
69042538
80519002
90508826
21736575
87157841
50328032
91264546
95559250
59065633
95665241
10341846
60993747
68183683
28343986
33293564
81286296
14262710
24046716
58094827
86798644
4045670
22150761
86736970
76265611
37967613
24076033
21858479
26807698
13440126
11089706
25607666
95148472
86413077
81184231
73668758
52842551
56943968
25511252
71892403
33248459
58701574
49820617
87541649
67848228
52059490
77577278
70739839
45426733
80796765
63099974
57970699
63252793
89248628
77465206
86687822
71882396
97602436
38177184
53015329
55102953
99319636
83917506
64495391
85656337
3790396
55048927
37602411
7078196
93342710
43181853
35423737
88126876
1277719
63700176
89039910
34965171
38018822
68599374
49358371
31336447
31721699
40014759
77793565
85254859
19557533
98000857
44040886
39971760
21893665
22643595
96319327
2618796
68837170
88887351
81642260
8144735
77042650
60009037
59276981
76637062
44044869
15953286
27422294
63706978
43484969
69734915
88255691
59052901
78208059
71861363
51037583
48546530
50487384
84145154
98299100
38691013
14019656
4498384
71570137
36032366
42907785
59208774
680331
60890286
32628239
34381987
51253798
1805585
77698892
19379632
1529381
25648863
70844869
32674477
89948083
8890419
18017709
37907408
60965283
70293155
93348980
13203017
72027657
56704380
75672903
63984401
47308845
82392718
75153604
68588317
50887701
39601893
3194433
99419833
23757012
35935073
1708212
73351069
63472717
77909206
73820421
20442719
13588977
17816120
42019077
22194559
12153021
49845682
86853202
8402146
36971050
96513281
38877910
71874577
84674002
89487546
25885186
63427637
99100806
3952031
42618859
15076396
75383833
98835109
62892205
32902211
78895688
55987471
93213867
4457154
16846140
71750799
35439173
79517072
86050958
5302515
9606065
82098666
22448744
49862737
31190607
31969194
83801055
69648034
12563622
93880362
24460544
77909073
28291804
54661237
59327174
1818283
25038487
21777757
3817158
53602813
58855562
62765792
71303874
24200192
59519150
17977760
65357913
76474618
88282909
50461236
31105294
28208222
69361904
9312410
49140004
21962612
91209222
78232508
21512158
35622800
80875679
75229231
10055136
99263035
60374283
72992273
88128349
65923520
5199067
60354960
84626091
48337264
16052521
13367541
41822329
85977577
10749325
89782093
21600730
69104905
30116275
82034663
58158202
33953117
43946877
63899474
23342415
76773376
31786943
30489070
99818355
214138
60596033
68806378
85785183
46186998
28062261
89346868
7030643
34516275
87272949
93260263
92697148
24022572
81876081
7413899
72250450
34446911
75358612
65884375
53980558
68520522
7344255
52172198
4595335
23084430
17963690
52419687
57389946
65447325
96279725
54672641
54650217
82409024
16533460
37455014
31566024
70477670
92100961
88797250
39611205
50425355
64330824
95485844
60264185
45396802
66340576
32615248
44861379
36559854
16354662
54162681
52806269
37149261
92187576
44822125
72992194
7565735
20724488
47204346
20269900
98841442
7040597
92337094
65237077
9784778
51659162
44846257
16617357
22496344
526088
43180566
7319856
10673099
31648617
26721659
18998096
68401275
5021302
1835140
42053308
94003917
34639227
75680570
14277224
41759915
32696524
31836385
6283263
94332806
91835541
36277863
43741320
67055798
93955377
53422305
77081949
71096159
66022635
48880011
93183702
90844373
29257950
37593666
50162664
22368381
25586208
30799878
39277429
84416492
39260995
75324271
57095177
9041439
72772361
7918406
39998579
17839542
23631653
40950919
69959662
54316172
19536716
95029329
92291017
74993348
32132031
50907937
92617363
92343081
6347501
20097832
10254070
18847938
25572258
29011968
5385535
73302624
76879137
76677482
22487643
31794253
58010440
69794486
65193038
95184617
6081302
18572669
12537706
45053035
8997409
15036988
11053983
49945138
85854109
23505989
72940109
37359722
79544793
59125708
39456845
55340413
92344971
77406270
27997016
58756804
89961802
81551617
1159777
38973465
33342079
89626171
43883600
44794675
85601496
20900599
53357255
36275392
15318077
65416376
18718778
75708176
65030895
65915054
56091727
2888511
7821645
23905727
13172568
25377274
27174617
40424545
8590465
42833900
65524046
38017644
29184915
59321433
31309827
85111451
63921135
5482641
55020030
88839834
15912335
74820627
84643514
13965413
77461142
21296066
66114335
8843662
54347069
77009481
17555374
72268024
3581949
35684216
40424611
50069150
91917518
49082237
70028642
54860376
43813383
72063671
99107469
99749110
2409421
16272273
9888481
39077630
72679138
69999893
40789042
72848449
27419176
17481475
84393221
61986126
71693237
39591171
65294654
78250698
47760688
84245967
52836356
23271000
57865059
26348301
15938541
54328799
87269146
89620950
26975485
93222451
8309627
53254283
54031217
15563369
57591613
74367372
70109164
81512978
98793695
8803041
61694537
49945662
16384050
76697381
3707500
24744776
28417499
23280114
65193862
4564360
5040952
78028894
67720779
77407027
12643187
73746765
46747058
8939348
11087148
34366916
71528263
75580367
9189553
45846962
57531610
73303028
12382377
71916464
43446523
94934578
52936221
30098501
91977071
58178904
42612702
86006754
36170375
29376547
13753386
15424472
31886314
32949775
60441930
68346709
93555191
45811113
98529599
28548092
68375794
73440183
73937845
35756210
15981435
13494037
92581985
82455077
30803114
74992404
42083452
71537614
15959560
36402620
48968773
87129162
62145194
53191684
43744736
53422680
83246555
45149804
79238881
55207771
37900400
19165968
9236000
85703264
36943715
68772936
51600923
68761061
71309245
60131858
97083497
16924384
47557215
82135571
80657219
64334691
32487811
84043255
26841302
84366218
78236108
10981619
3493673
94495261
78243801
67596681
90748980
57415064
97274651
49978452
98169775
17495494
79272130
51537076
46795805
46471084
79957970
78139635
67395607
43380600
29798508
88491907
21684578
63575416
44019719
2889319
46865081
60806187
14855195
32249735
66772696
72479410
26193795
27816241
32801620
26127803
95968050
50078037
75032374
74989100
87645269
389983
80885429
47765702
16139951
13954042
48993874
1867795
51102703
67937763
82675986
34371414
42201296
3692645
90482114
84976814
58233490
60740475
20815995
94458605
67528960
30042971
83370728
56863357
79018108
98430810
62342366
69158164
36714637
94653542
43978425
96494915
87304761
12066534
57239016
60195398
55087054
86581394
73176395
64789325
48644836
44558843
7391496
69248647
11868500
55282098
64348807
58181218
97615079
21257526
31519242
74320034
81192338
16722881
77880330
83012521
56634808
43343542
57738127
73899313
50004118
64222279
64987890
71790382
21143002
3789954
59653097
19550193
83229560
43632133
82883114
40211505
4151032
46551636
80305792
30241720
33372639
4923845
61414612
14624773
40102250
84484082
65695072
444688
24049887
4662662
94185369
12461995
90918459
7332301
31028923
96826571
25989902
37737767
16049181
44251191
23319502
82645017
65133002
56104741
91547379
97168045
29631141
72064766
43648282
59528681
94606111
14669998
26191715
28793268
29880005
3571089
44432513
9574295
11684770
11697773
62799655
20739874
93326647
16868952
1192654
52486459
74598963
61746436
36014883
91717778
1946190
76450589
64447609
21020304
13381685
82121959
82088411
55879062
83494739
39926213
50026895
64496811
1996188
67734654
62969774
97637597
28004133
57082106
69091034
39176240
13525491
12810797
73439523
1684664
68362949
97660426
31228570
68414087
66449193
96331741
91586160
8104679
31475824
24553265
69263459
76192798
37438427
77391900
72491093
81175811
11881579
51263906
50604901
82028089
95005179
31201735
54484268
45904575
589302
87471782
50054661
60045986
52757553
37544924
49836042
61079102
4390661
13247352
71492397
54524070
13382680
36811998
62459808
62595864
16946174
15862930
68667100
60054270
72146770
27520701
52690756
30856686
43164490
99695513
95269592
71926760
372400
94223713
35385243
48438065
75047547
68224354
54112537
47656115
1117047
44274746
37771817
50876057
73308464
18068723
63924929
42962476
19979233
4061679
32652927
34675886
65506781
20526541
62012365
45872819
34401827
54167022
71808422
32200237
32246465
44090151
66284673
10558413
97626056
9014240
29099193
38781256
41418700
71931968
76939373
32484378
80564792
95326178
60394203
15912481
92401612
86756816
81014754
9273483
17936619
86107400
85121809
38225375
12312329
98135374
38953376
3054820
35515094
95551861
89819022
59452793
26081085
6528248
92086452
30573780
1622682
43459954
82367328
45242096
70957556
25792549
18898475
13339099
19304927
73245138
88947533
88841913
27702160
81359310
48295916
21228322
88874952
97446522
85154703
10508111
13467447
27926689
25703860
38545541
65227191
40552109
82763806
87827539
68903903
85604483
47817222
15304636
98097932
87139307
7126397
79375689
37781710
27578099
22368373
62450124
77575890
66576023
22981303
20630767
51489651
39118453
30296713
275449
28359608
64578019
23737186
29268151
54257350
66924001
89284402
44856467
58027109
53685689
45235831
18013342
49805988
47060520
8324861
13335569
65130960
13723053
46022074
71176461
30500749
71790732
18742976
11497162
22751557
754683
31791252
52240193
80045419
53617402
4825968
55117684
30718423
83315576
13110591
30702922
23782971
73966681
15525460
47379946
77286679
70401113
55277546
68511307
76127737
29179196
47230209
19166298
43135596
78680142
7639924
13944220
7747963
26502326
48374284
45284153
76043328
64545061
61668773
99056886
74228254
37442781
72878523
34133691
44499257
35436700
3325057
6862857
99658188
42077875
23269894
1009939
52098421
51221272
79947559
95056039
65367461
54263738
71057610
55571280
38374488
33630278
40993020
55582459
68335428
1775192
1341155
74105635
1853058
34676139
20589493
57551820
70527236
99880805
5008182
37336850
75337392
83495798
8491172
1086702
59017928
94886118
54974995
66073547
43759086
25739653
99421605
34670163
10339206
70505008
15061515
5850147
5003179
63430668
39985183
84195539
49965071
56910675
26940521
54345929
46771495
56484704
14395941
93895740
22034168
77086000
22702649
15928881
85372512
23831867
60173908
79257154
86029795
3386014
74175881
52778807
3584422
77930263
76059174
85639324
13184254
41807105
89469969
84757358
190795
43815049
27730648
6392420
66317202
18086130
5164332
95428960
10574835
24560138
23353702
48227435
33974432
95332098
9893653
43983630
89677907
34480444
966404
1009574
45392678
66552560
38048337
36784878
57463416
25670167
33349167
21835802
63650632
26952379
76108195
54316318
3984675
62084679
21517517
8015395
29968795
60466392
72991470
74575076
74079660
47397330
78338553
72509598
31732630
36805357
75170285
80437060
5571933
9646992
76772590
8645314
32150386
13525645
33802462
75820726
64082313
27514322
31225343
62044979
74030424
88724921
91454058
13725948
7372148
41066385
60993514
39024691
28518932
45322488
49491842
24419022
56905146
22560914
75605428
71279336
22697472
77387042
99775335
54371289
28662537
50317775
68731505
88716990
43924077
89060429
4023598
35936662
21551415
48747618
83613752
34856671
26815484
8486121
71802598
29315529
83941718
52590868
57510316
75283498
25183457
29311681
4286486
94710620
8536302
28202456
55293485
89527024
81039348
89045673
83986850
75415357
46098254
53110560
84037086
36047630
44831276
56792267
61483304
31028852
10830425
9930494
96781478
93510629
34481946
87042914
21273928
20670215
34664296
3887423
29089526
25985875
31576160
73016980
93653981
55859938
85179163
675431
79454432
88061192
38226916
96699922
36199867
1531959
36081770
14460236
81156941
71398516
43425231
21655107
34719921
90475090
39228440
17926958
13488581
61217655
15546856
35775626
78812389
42814925
72469505
16134983
79319421
86511584
4895189
53841171
35775246
6580335
45946139
53127772
93873577
15649351
47912834
21941712
22983991
96097020
3847802
38331093
79083531
40729754
47910087
4217983
56809234
63805089
21069210
72219809
55549724
41982479
25115705
68442252
62785655
10157047
34775212
77228190
82259410
6507334
27558900
9409618
43729155
25417134
40116331
92694312
87556150
52322824
51453712
6109070
68284256
85399393
77117895
17813489
35866873
35571814
50031360
21680027
53356794
53882469
13327732
88915026
60108958
20786503
47370922
55172629
69875432
75421979
42924075
53964599
35659027
83714495
28496869
11920645
85473874
55776225
40168219
28552068
27074666
14096540
64294563
88421848
3538750
20924402
52814359
42620896
10278585
16068014
78138442
46082065
26665573
93087770
21187481
94182999
39800467
43988179
41370071
78882627
48356315
18471864
85230330
26296529
94162123
44655640
30995641
31961906
86815110
74831570
12900974
32382348
60786788
29470142
67784150
33535213
53809580
22819850
59632114
57804772
78839514
7219736
3799587
33389072
13945221
32918770
38913708
68118472
62912290
97810683
69441079
4851006
84498466
31164630
21393139
57308042
72593609
30319377
86217818
79962080
70684740
85267991
61677595
95467921
5699676
94518800
64026898
27999328
44325205
31498111
34494135
77616937
73832091
96189324
55196114
15957602
98670100
91022436
21303322
11407100
91032495
20809292
51585895
80439367
40739984
22352669
25665634
90176821
92375973
89921495
90437805
24944138
95162219
19059834
22758695
5124208
6413282
59649
9701477
54065111
41231367
96895388
66027232
99080972
34378626
75037547
93303801
29294095
26381688
40145706
75081317
29706725
71058600
28885095
54423846
56401657
51063696
83678098
13512301
28688668
44252627
45697580
91225957
61923120
66025248
59776350
97319611
77036887
65029897
70817594
39884068
91471629
8519377
93703444
40732809
17702885
4257335
38616480
26599477
66522238
8221325
77567017
23979212
17249043
86911458
51266487
16815555
98515521
98822379
73769795
48946252
91812533
51824271
76963329
70530118
67966914
93925648
93016438
87457816
60145331
93201406
85959480
78434002
37742614
115426
85980264
30518765
82985925
85592462
47513208
15507009
15077954
2617688
39051068
96022187
76074485
78018900
28727932
77240854
38329323
46023240
1423372
50920636
57754303
88158524
5841104
66532408
93923803
23406496
7957798
36367986
22566856
68996027
41547660
94364432
61851432
74304703
58842037
91668970
60630610
78398473
47885527
86884191
85624619
40009120
63531235
91248344
85018179
88638510
66377358
92576123
33769464
22090448
97654889
71858599
1088299
56583710
77215984
94923350
36998388
10325894
1064875
87463006
75630134
13448313
19348298
89838833
40317990
69575127
86632726
15834944
17694776
28489468
26989320
97271151
69083252
4047838
89271873
86246541
55227217
86944726
84645422
54879721
89366576
94517761
41472184
12124309
30553720
78736380
73443945
67389022
45773939
92473483
9098579
8346411
54993996
86048977
56138405
41700675
89573451
76816753
78888666
85659251
38848630
79732606
14048353
56228666
77322090
87716857
10354501
46962995
52962201
27965699
59302035
41965215
13772611
73110699
68062999
37980313
89470488
71415225
68797015
14448614
60753766
91702839
84855791
21537066
66038152
55139921
54860893
44788470
77834869
95895188
23208597
72370553
83106122
66797992
35485967
53663160
48477735
68275542
83096771
9773870
49451771
93991976
33116474
54978755
59127288
86210842
55804840
81215818
35132217
76696152
30376845
82706848
98297658
94796256
10086541
45312916
73581577
89630908
73200279
76546117
30975550
82575856
30582465
60968543
92802729
26394698
93091719
10231451
55604173
47019385
45138928
46912873
75797370
71439438
21095953
59092123
96213476
78068297
81197051
50597027
11286485
83791221
93774200
61175856
19825797
46388722
88365633
46963707
3191944
81851529
59247415
7297063
87202999
81719604
29927188
49970364
40296802
55230670
94103719
82166574
42707236
28434353
71633065
94638391
22642541
23896390
40561719
5885612
59950207
76167100
21696155
75630916
89057732
59423843
95115873
85117089
59680941
42952593
75751683
60032850
90412048
34973039
73996275
84599935
12735916
1731458
30686789
16115894
34620275
17609155
63677038
77571640
9177508
57698281
50680906
44520378
76376036
98961898
29057951
96197654
96269002
8693066
68101089
39947656
74464964
93047999
66793734
2870008
63288000
39828759
3756952
21304532
52727415
41718282
38840631
52776823
44328129
85794718
35431260
73790937
86574376
92751460
8009780
57861301
44933932
46134914
41575038
77176353
55823067
64432125
96616665
41822661
43749329
51819568
48435997
61528853
29128951
85256414
7182050
99506652
65406666
49733672
82346856
83535717
18706526
49936374
88844175
11200513
97735295
67131758
7704805
30689279
93673342
84001430
77310435
84986789
84015614
61820061
8596337
88005864
15213708
86714782
58269336
63260621
29631863
13332667
27216264
63020373
70229009
6667228
82092827
56613868
81162106
79061443
54826775
66647942
84387873
27024990
30621026
42864416
92545274
10589890
92680458
55903939
60635848
67146346
90260961
70439522
61327537
25505452
32558104
83367033
82047884
73429546
71525828
77277437
20026374
89210708
2108062
57133158
19356618
52821472
87105055
58065217
54138275
67485013
75982583
78204966
86457204
39921465
37640658
52777569
30805049
96547222
29225081
51911777
84171270
89632522
76361049
93852898
49113266
96898018
78915114
67136013
16723354
41636604
47454187
95799160
65911107
86877469
53818917
92394751
16408648
60012707
47470094
64492637
13168513
79808797
75654516
14866496
3979834
49285708
75449129
34291797
34848731
7268850
79668310
17670042
71580663
69058645
58854814
35396542
84205220
55130172
52783372
86265958
96835923
99196111
36255638
78155741
79704053
78661513
3033220
5157251
35231291
19652420
79213271
30664593
47587455
32945983
10547811
74355451
63268649
41572660
13010938
17103661
83821415
94846623
27602700
46841279
26317272
63955422
21636183
47246481
35034117
33888177
43988482
66183767
28250167
53249397
11708315
21442567
6268306
19297469
16604244
73675697
85780144
42932948
1980508
83862990
3867721
59664684
71055238
70155919
90633718
84432868
7917
34699765
83846606
89004262
43449801
31564770
67039008
81925460
57825569
51967733
79668214
58615583
97840655
82593356
77433641
71268463
95879433
15705607
24848476
86771894
47340449
47669487
33176888
98252492
17102311
28776681
15324958
50881600
64303635
79061482
20141371
56723142
21631638
1991068
24363672
22179444
1005601
69670474
20146417
46908939
36154622
39619447
18801084
84974396
4205557
1286964
17237900
75554431
8485477
77256584
87708433
49660386
43513501
25246267
80494717
83372850
87559005
65136392
32788197
28036681
96603034
19274398
70812490
98201709
85512613
34873345
52355654
68301375
83387044
63655554
58059963
60554401
9095511
58875216
85540275
96027385
73917463
16100404
39941182
10519779
22820136
38506931
53063808
18237931
46926528
6844891
12928914
34493123
24546926
55778237
83763910
21487120
51267973
26345260
42238777
44328570
78208466
48634603
32378434
37203924
38182298
46752329
30795599
89797878
98766306
58976286
64788540
56804059
83927461
68188990
47396234
47344912
44195938
29918021
83048138
25725485
36007950
1216282
35357342
32768720
25890747
41979368
99522026
42019883
78523977
93092694
75419968
87844079
83600772
79085694
41339164
54973075
301087
44646406
74240685
17734577
88139801
93394056
94360876
14876991
87971342
40295449
95816221
25279646
80152783
51390206
80678157
81680364
6832922
63685315
11549756
97907066
81710683
32203513
68372153
40559048
4420344
99854286
1370367
30118036
87100304
96372125
6090453
37882763
53761769
42022402
46532505
81034470
49162313
46244178
70486208
37710786
12718818
41065378
44846482
41780270
39663342
6784067
69361057
12975538
59935258
38982288
11087952
70139007
38219795
45617700
88314815
57553131
81123125
82862611
61620433
51001793
65885889
48845753
90534579
60932977
80352730
9168437
85061298
11179500
19769434
71137562
29297501
29059130
43648337
49160156
56916249
88321317
16977723
37371617
46373228
4957391
63765014
30306806
4667172
68605326
9885518
22473599
61762996
49793180
97637146
44102722
37749294
96908478
6254530
49324278
995475
42996488
43773929
80048320
60926764
49411413
28723866
67687789
88387682
54474530
84457126
62463538
3925187
87154176
41205398
10269515
56330514
43412702
71967060
91615398
83196322
94249619
8375936
88686511
89493592
89366505
12033162
84486415
63010316
63852890
2163267
43177025
6438520
12735931
36351594
8962472
13638707
37780987
20248330
38732553
13070769
13227576
13261585
2822250
79728351
91723253
76733630
88577003
60566607
33872185
44759818
80496253
37133877
92562858
560064
86160894
89314484
6196019
16351707
74160837
13212020
85807258
23537601
12336525
31660389
81503884
66096451
17972615
87283399
60067556
850191
21085139
15553059
37111352
62537283
65127387
28744011
84359131
87417838
83541219
69196115
47910914
96411817
25482425
44274574
6804075
40112249
45452030
20799045
24244779
5956845
12023103
27283578
14936882
42635283
20551042
18087709
40629350
78699435
57809354
5201021
19421612
97208804
94624638
80344207
63816173
37686976
893179
4374633
36090106
70747885
69418236
50183975
40851043
42984681
17474501
99543438
49714102
56944986
52054996
16382232
68480296
44049691
89106919
51102259
57035049
78159327
84641794
95936835
25471475
86221774
79611231
55960344
20107952
37453763
84173718
19463729
40500337
93106765
77442388
54291824
38346625
37763676
27651512
98687877
18283084
3459615
58449717
71874521
45977505
20110463
54844205
63881685
70521521
10719628
96517659
9080150
75891542
31686911
87278621
97415398
40528071
87943155
8351774
43001734
23457486
35751599
72899375
12285255
54588426
40338978
17528931
2404853
65352130
42823685
23725528
14409537
99356027
29178788
37719659
31989589
71114710
69890831
78028469
83762810
59915742
68609377
27810933
87981800
43554818
91470879
78503082
29204898
21094078
75840509
53571334
50477943
90775817
85326715
41738315
48594458
30990596
90854042
95429134
32508585
56641153
4753266
75137240
16703205
60404953
50651604
94778638
68282472
71717794
12192693
36514268
82374041
54771648
55941455
4098532
66221149
46751634
44601999
68960056
83830985
66100557
52194096
14203761
83151553
45439513
3128357
58415944
30215139
33265187
56864619
31086629
70473454
57244036
23420015
98295303
5549448
77159836
9252182
61113380
13208306
46952031
56753731
23076157
71654541
84788082
87009046
1670504
66030004
12980020
73905737
6868012
89245743
87692572
52087303
13644572
78056148
9651999
51376399
32797990
47775693
10420329
57390598
7003811
33949936
32996252
32248884
30875944
54517347
52633638
8190548
90735188
82552120
98298540
86083598
28683522
81053852
45130598
65679960
95046104
10441891
69433165
15477688
3149757
78556891
17117350
73862219
61589609
71181671
61222859
76628473
86423918
59276604
72821810
53794501
22371090
97820948
58447502
56894151
96102298
65147254
749373
30686705
41092982
6032276
84360651
37959398
44684847
66618422
59313255
42823299
60158153
24000030
82585519
9678242
58119930
26541313
43935801
47865674
73411511
91919616
64979077
4528880
34266843
56668247
47383355
19738775
45207268
33387523
58126892
99036933
12566886
68463921
63896612
57184657
27837567
35937959
19832341
94543526
81231851
3889765
64909320
1168818
68307632
38584125
20828844
61489365
24982515
5022462
11656654
63794762
10564239
16335019
57264999
1226052
93439120
19623188
7195060
42792231
21732010
30725876
55662593
68400745
89275586
82526950
80353348
45885315
88609627
36534102
23622998
88843721
65790410
46286665
72230030
46276649
86341681
72806082
75212599
32266472
37127197
14577823
71893054
69124940
9603403
48982205
38946065
31916245
63430344
70728871
89527177
63933545
39565206
84095948
6590434
72992018
19889217
75535197
17165547
73463131
71413491
3465937
45482012
26475317
60913866
33466653
57025982
34672368
25405862
12254922
80211520
49709326
86266162
74058213
12764525
51337270
11483380
94739076
95348378
54936478
3911632
55286734
96772794
52870821
15516256
88371669
95378218
66017942
79328537
20059915
98892201
53442393
52409667
78999139
29283152
73620387
45782058
6808931
56351424
93913262
12115031
23061174
4934609
61096119
30316757
85559908
17584252
75014589
88950134
3345352
45646289
87484400
71291383
73557256
39037997
59252771
94556978
70391994
54488154
47092126
16326094
57858149
42378679
71543529
58762838
26475909
18390355
93090823
52778267
82323662
44654048
56061894
26240363
28029767
85635827
31310071
71241502
74753756
98930506
13210710
49817109
6155419
73626519
69656528
60000531
21299793
76546328
34857601
68076233
35474952
39064562
83510879
68763898
76742102
20943025
85881290
51046955
48476928
6489422
41759921
24534145
28979237
47629457
6124857
71130543
81387501
89189390
93196828
73434931
9049252
16741948
90988629
92093218
26765150
15284774
40788146
94919986
47322219
83098608
36095791
74745982
29939681
58789626
36043149
59344776
30661173
91273813
26580047
65349068
19815866
7033333
65670574
67199375
53930886
15042968
13637425
69684968
52143219
52772047
27494510
96223974
17616692
72033144
14385384
48489506
34623788
35353400
25856629
3632012
31949658
63065576
16796291
54773394
26927204
9653554
44235896
51805821
19445080
11833789
28745739
81088175
75333355
88353702
94928895
71791543
75037095
13203359
34967664
29153423
86659699
70883742
56454436
78175161
42671255
3336535
28194958
28478961
97545826
2768710
39485944
84804087
88582079
62707944
38804096
40769968
11892736
48936222
99657206
41163603
65678006
2426647
21145828
51116347
46790313
28768643
77535108
73723630
6043536
99262298
71831763
4366068
4691105
61885851
378754
79396680
60416882
74391685
40976670
60141951
35590548
27511903
40008802
77118540
46907439
62226430
11387627
94815365
44794166
20835213
76090934
87748852
28862388
92745474
91744474
72215658
81712548
35213285
82266975
69157763
84068017
18039611
58975817
60601128
77571964
85127923
66449248
55986709
95773038
15890092
86075500
16713460
19546560
88979565
71372868
95713614
72726513
94472038
15540821
51805323
96753189
61996887
45436464
8339426
76831929
83532352
8480702
47391781
4350640
43311957
2077600
81214280
95879879
14471044
78063639
15225817
700366
42455027
79455045
83748025
52025197
35932345
61996596
5317285
67616355
96424955
19454029
41058544
67422671
25129555
21316222
16770241
38856265
22203375
51363758
31900351
62516595
36336618
87919102
70529195
85930238
89623714
9506894
91152919
39709546
47280902
74369084
63059912
73898846
19097698
30527058
44884126
46820806
23305175
27433621
16257426
71150253
52738384
53364889
82989202
41617628
43971807
26954682
46907501
4514057
40311408
81297979
55372884
11389069
68593084
53338038
19364786
21658891
61966957
40867545
69159517
94501457
11538007
82328769
45094320
24646427
43410785
97215665
37981738
33166067
35117627
60670687
91455256
91247784
42310788
64702752
59378391
23433820
49033696
83788532
24238643
82401317
99606807
90914756
32997840
24569929
59273363
63810835
15719549
5649150
78513386
61068794
81196375
37204436
79394755
56879489
98962998
25953722
97416080
97093912
25008928
88867478
65081035
4050606
87341502
67303
28930198
38227162
77817172
79794703
40535126
59741283
42769874
8798838
16564927
51638507
43691199
33713776
71593918
86402467
94800395
89134565
99204569
80340535
4330385
77958645
18973998
82896013
8947103
76019232
14611134
68282959
50756579
31623637
66884589
76297771
47966618
58600020
77410331
86322685
5472268
84651350
62906257
66841017
98974088
32744544
19478008
95010630
28563361
74043051
19605883
89423138
88266901
12452951
53669255
85569422
21518138
44399011
94305983
54546021
53544775
64097268
17205187
34586537
4224710
69190423
21842727
42867228
71392485
77585924
96430514
47580696
213340
93317196
54740789
67270059
92601979
11837884
1602227
75017684
88995397
34514030
75474634
16493089
82453349
5069734
4259906
11975941
45730176
46435724
84763937
61317318
53591416
39814812
62424692
41856193
15383738
90229223
41588679
16144657
84769639
14446937
18896685
52837352
39124518
59366966
29916349
46296979
18469217
7551807
77665614
33860873
76960215
60190439
41155468
53715570
33326771
1959790
7872342
74953553
97278488
68366239
85472543
57894901
35182080
16864849
77212401
46143778
92875867
96633517
47547200
62731794
17330069
1917746
79524962
91368271
18765159
13388181
32107972
25020300
19530495
5988578
82866778
50451080
3846524
50441756
99045675
6917475
26444945
63790193
85636084
51704961
47716567
71721687
47179626
94887017
77220795
7226444
80695178
12400541
92482851
84972278
97129565
53404412
18886377
56110827
23483854
75041814
38615368
17359154
61902851
76722763
86633355
84526192
48944955
33399531
8397842
458984
38058575
30897225
91341656
81291181
9689414
80418625
179536
44208400
5347372
19051177
73003065
26245454
34441744
19878570
77149781
75717731
54369030
89467901
26554569
65946671
57858910
23909234
69237856
55183461
4232067
92502842
25670000
31479052
59394226
76406531
32227646
97077602
20748206
7381872
56227459
11018915
32956018
99001856
75153223
37516727
38400689
28556178
19680544
19153241
35286756
49135629
76717270
32535613
1506525
47104229
56693140
54110760
30469806
78341578
80011437
72487331
22603905
12859731
37469664
96495728
71125307
91745868
3198392
76844217
25341418
10847223
26407374
48578783
15763622
94769681
65320481
21825861
23840990
99596702
96112540
28857590
56054061
49223864
77722676
34409390
32030676
48126028
51166091
70953141
12796856
83587319
83514805
1625886
33249150
36558612
28337855
67042742
55673845
44414262
10494383
6764412
65697246
831935
77686981
7619097
40352660
98699181
70858359
76622706
49734324
46516876
12335909
77133280
48229783
72090772
46513518
4649494
11953068
68132011
72898932
15063078
37588173
23884436
20427553
50392591
67418399
39899563
38436155
85632308
57744794
77335583
56903920
96840418
82600143
52900713
64665190
65425612
83913730
10145849
5132216
76388732
8414263
35160864
45969947
34296782
67433833
34749910
56771148
67208306
4174375
28128635
4923659
91075201
1275577
30264176
48866328
11515128
33232497
83164076
34287856
16756460
14153310
7711788
68058910
4474942
46194437
29522438
70879335
54690867
69450927
86351850
46813839
55249515
54109132
30760482
91706053
24772896
92419763
27672839
39634396
82552353
68655968
17653786
89149426
11383582
9898853
32460879
88140216
45017162
45152115
5283787
90057962
31296032
63393
32674086
52010880
96627762
9245165
42782743
17513542
81915614
98733263
29275826
74263539
8040562
6319408
31185434
6896418
33529022
13125942
29520110
62659399
15588336
62459867
37246358
38310209
45185676
38566636
31028380
3786511
49927304
25296882
5767366
25920462
77868122
28885851
87589667
53604998
59853649
74573053
10004090
51326074
68594613
54217040
88583217
39041842
12418134
82051323
9520099
82854839
37748308
23683124
90372246
62971787
4675769
18531856
37785496
46933868
71588975
4448122
66181543
58983906
15922878
25932222
3642638
28125973
47817545
48705790
51549825
25480408
81608684
80094678
24432488
26725280
63565902
7102300
82635763
3695166
1489682
66795471
78717808
43535377
84999429
46041587
48983360
89106556
90787589
16408812
60522500
99245890
40564213
8952636
85965826
228727
9198869
31959534
25451207
31252613
83398650
79364675
75972077
51140520
72989615
20717693
47695556
21084062
7605440
75788120
4309280
29179063
55960292
78856532
807751
32140190
95444280
90241284
6427790
27830646
69992827
83285695
84301741
57994288
11220638
76353337
96755141
93495685
64968008
79238054
15762033
32346779
7525885
66561690
5806333
42486964
75666632
74632189
55155672
8688372
38887076
89254785
79549208
22280423
7770746
18558569
20833053
27168555
51627183
11745763
46218149
56057683
15205106
92213367
44249097
10985916
44770246
27238183
77168167
7427814
81526611
18372023
84837501
24992482
92741650
66212035
16368836
34422516
56975289
96254623
58914478
12541627
71840375
3221932
99058384
12515650
49644615
98145136
39881632
37233609
96175654
98437926
36861751
26027729
1338323
34077042
70664656
89720759
9183017
18490832
51968169
22114605
27252471
76446627
64063270
39888466
59126838
43588555
93849562
96022425
13691224
66957549
33846162
55721621
43189667
86043293
29523136
90761519
69881388
91293721
98983689
97191792
38598199
49221559
35347679
6968388
90671228
63821082
66719193
39719258
26496068
78649391
10377130
41553949
49567342
69751769
53743841
46007735
57262465
15594576
97494029
90064963
56259360
5857019
88560033
26017593
19732236
32043083
65165088
82470938
52639953
31889869
73210854
32484560
93487165
61400850
96311770
20456167
91865752
14775437
77742861
57068530
3626370
18605841
84367772
2365202
57043860
45263783
41086692
78884460
96462721
112569
54995051
19222996
27289281
69046817
85201095
64498500
2341607
9751177
91760975
22298394
97795377
96066747
64611696
28404793
20025597
73009644
95118904
72968120
49497165
45007301
93251810
67269230
9924210
78358692
46704527
96838922
54869486
52841369
10273037
28236615
48713334
83260395
5529750
74305297
12235254
92647806
92572196
93814187
33143547
13847511
27664379
64123674
50897778
63213316
96998208
27236307
34513294
86957998
3979381
51147432
24496497
87133828
67475359
71149519
19393751
53182583
82254885
5447672
82807046
70951161
57940279
61006261
43934282
81282957
12345587
6431818
57470427
64562
88440177
70937067
68052705
93350601
63544804
85384795
45930230
25133067
88077251
48111008
73879549
93323748
20717032
5076776
22482328
56681112
91398805
6560443
36500057
25539660
39559966
28161554
37674482
68350599
39420002
27769856
18660132
3972632
15662984
71693718
85825701
51248867
67354243
90400086
65408992
94316031
7638842
97161402
13028412
30809505
67359782
97171285
6481455
85801300
12707441
95133820
47385020
14529779
55331081
10121332
47772894
77989195
85499636
52791965
12121125
9211009
22111722
54275850
44952194
54245226
9455978
92073251
10309619
46401627
2412436
43884054
57607804
66722972
2161977
21980486
39662100
63251075
5650086
29994109
44299846
59547343
56218547
26964915
95596670
41056473
85736171
28217570
65398303
83098111
2749617
28443891
95940816
71814781
90986693
12827107
54184423
59461587
1829804
74583306
72833509
79440174
39214323
88213068
55835461
58949964
56535960
41263260
17637305
99517417
79490029
7657073
44608398
11614273
49954638
55926283
89094511
90742787
67631130
23333657
35423747
59361344
79714432
49131000
40136204
41082928
98938999
28379789
32563410
92623269
60001535
18715805
53244969
49331737
85521840
31592912
72535605
62328168
21066315
56077146
49695599
42741425
76044424
95720085
7802701
8502620
70376768
88698759
59566785
38641014
46155535
87494602
4443991
93593595
25050365
77968878
83602986
68199193
18121209
26553220
49159228
37562625
6874490
36744081
74928628
78384320
12529497
83060291
8292824
10942808
61180059
62653531
99619581
3217274
89268388
7803302
58058506
7174223
89228376
33604434
59230479
37338712
51808669
62985989
10867655
60152218
21211944
83722360
96031404
12045218
83268549
65136672
71066159
30031501
39866886
89436544
27169212
43209877
26898962
88960184
31097420
43798987
75811862
99073030
23228394
42503764
98126795
66229557
96551188
48033184
7111566
84210132
35926987
24983443
19254519
69110338
77348718
46757855
77162621
16508539
39521337
34162223
81948407
33626645
54962451
2940419
38325244
29055107
38160064
47050354
53789624
84148863
82028625
24924657
39283576
4802443
40904727
51106715
59181592
47928753
36698839
30461910
99597717
80532031
80168652
85131860
50981161
27076211
87678179
47864965
31317342
49543880
52076242
9654014
73445234
48490098
45363258
73330056
60545922
14514359
95699996
13464779
86859126
61816651
56029698
15469640
6663937
63350442
57254085
94739254
80867274
70335852
20196749
96634187
62150057
5932137
68523989
86530622
30038997
5517041
9708887
14380303
21383726
48110824
73003756
17688349
95281350
42664299
40865634
47772243
69696335
85032276
30519853
2953693
96992579
31344334
27066488
22259183
77001647
56468692
6172743
74271709
11951438
77356374
15723699
52167385
12762670
4407346
15131277
29572197
1888767
2671312
44992510
25549365
16099407
84461086
87964995
7968549
2705724
94489885
88446923
36375793
39118197
83761704
84838494
99018409
94385627
73335752
83986225
46521937
92542361
52397195
44920395
1755941
44716581
54695955
73446413
40166880
33378961
7140364
28602477
79826200
1374965
14770236
75976479
29902501
13745802
80711062
75405815
21955234
53274798
59140957
60676163
63455667
66576992
7167562
67984468
10030024
37336541
79735902
26972102
3992926
3474082
41456384
25857569
46927555
70986257
98488799
89684585
63205723
84438434
13074064
82960722
30562675
6320991
11720982
52136211
4682748
17674389
57402294
78076846
12511696
98040033
78057924
44924823
60127657
1924918
61306585
35160547
46272341
50628806
74119472
28279752
82997445
70550268
23435286
69800914
64032335
3039584
60062847
45122270
77811561
76943994
69009944
24758084
72029988
6319120
83082388
13045350
63740936
69974471
26866072
76354127
8653059
31385153
12387848
95934274
4789994
94849880
77885424
38971602
7167711
92154994
32478407
75283359
80330861
47253872
77620469
63080696
97344353
13485463
35753589
30283856
10546211
60536240
31260159
30045757
89885587
85205567
43003162
83722303
82805021
66565706
6742434
45698880
36455329
34681639
70320046
17420511
8328638
66714800
48763331
59745825
15054263
11470643
45132571
28066875
4388947
62599219
31474825
36595468
96765967
71054356
34977379
42521367
6553955
28394880
29455418
93571756
43960015
67803007
29925507
96048759
5072033
81948961
86789687
31893514
35895702
81690546
71117310
59535471
34892282
30427527
72370577
67120902
28804202
79528912
36917263
47817018
68800213
98083203
40158298
28472456
14726843
24343725
52257580
17426281
2772609
3662761
65067007
6220658
82629715
23376576
71369889
68317665
70007106
33600126
76334137
83785609
10609642
58113308
76834829
45858742
61410180
14359339
90265187
29209520
82483475
90742891
39209176
43322669
10892340
14928856
26624673
59838791
37855122
42255662
79161555
9183548
7609937
28410619
46206280
44907162
26746369
84363400
18584307
25508329
77721174
38040037
65641456
74284879
74249822
92356023
72924616
80383155
49634416
70705973
99054334
3640791
79648714
68704516
50971599
49277303
29757686
37257988
75289989
47531831
48525665
95199724
27562915
6353668
63593302
74860951
5229458
5253571
53633750
83260996
32486572
65739281
87963628
78126708
47626795
90308925
89961362
61564204
49949999
19253768
20310929
29051309
10179894
24378880
53733619
20813954
42691815
89835372
35739298
90672988
95133598
21873593
37590930
63142748
25827568
41719542
71803419
66860651
84517313
50206326
91680240
90827739
43241810
68125029
7739908
93662340
15305594
8479689
52432960
45096728
1771371
58412899
66930981
9646330
92675778
46747207
74634037
68776985
88895264
90292988
37601556
74504626
50038604
67799328
93460751
59676117
3748555
63969472
59792736
965582
45624099
98627005
19332636
94155893
30331770
12810562
57852191
46035040
81890940
56714825
30337482
92876032
78746810
72165288
2252883
63160995
64283590
74605650
19141421
16242096
5627862
12872486
69167123
87498746
14820535
17455996
71270701
63310212
92638762
45890296
82902612
91735110
42877676
69246968
18605013
8264078
65042676
78987456
37467896
39263923
2600903
99251597
38742541
44885100
57570994
49795839
87690527
15648441
44240228
48165496
34201390
42461317
99595178
51143473
17987188
67116521
71904976
82963204
79093710
73034561
33912765
25657737
85301461
36962256
23355746
77424452
50819229
2566882
62688740
23380991
93238834
60287190
98690081
79468859
16524424
19018458
1270333
97239691
88764195
89422564
92991395
68324640
32948459
7083195
58051046
52181712
69539908
28501684
13867122
22998063
84174437
65500497
58331927
11599972
46189350
20319460
22743985
25248196
74209672
8569729
69447447
39205000
84250252
34002557
590999
55566131
83280501
83060601
15735671
7095011
91847410
39082291
1248656
80878292
65681614
12125064
44884421
42472500
70798495
35747369
72718655
54516483
76660779
44239083
3579828
7160365
64451604
58336756
15904228
18387625
6024304
85274308
51765038
12669157
2051291
9719631
59546203
15104159
4765745
58765256
98077766
57496792
64825976
99005254
45983477
12221481
82700099
86180737
7605857
65805003
6879370
2885970
57886233
90949238
2496391
87887476
41507390
93339043
46884874
77099222
15425528
88935631
80887885
93492707
21420053
6386483
40293235
55244725
86911433
22225027
44205191
13434281
2825345
68856453
58579656
7555953
29436219
32590834
35860885
47232254
77311727
37317881
42467642
22723124
44840078
54917918
81322801
47897996
16301426
93362537
50646401
63594573
73498125
94486959
93062225
68301961
99881789
39192020
1520266
47163626
99791056
33347468
37349342
34160066
53756030
75415952
87896349
73275495
84263580
480558
69570899
88555005
97075326
38195061
26766064
50927629
34106643
72468330
66197769
72453081
87500151
37455271
27746147
6421610
92240997
53084161
314701
13859294
90500424
58560602
18592574
38149311
93681191
5391836
47149886
48225067
67221423
67080983
37414709
23236016
3454277
90158483
73488044
6502949
95160692
26815287
29931949
73814843
32409331
28321585
62248775
28973325
69297992
98109631
88344886
33968642
65100150
24647193
24514995
6214645
37822458
18501502
60745011
7553126
93403125
98249681
63071057
75474184
33984890
1189400
41087113
4777345
47462106
52298477
51116128
55931803
11943850
95020381
94560115
57399993
56701146
91034974
27514783
81899001
72710443
93033749
69429904
76291754
72669611
69165777
756516
74343489
81646695
83521968
98586688
37779061
91112869
51569183
39833332
85651151
15752089
93809900
32957565
93356084
18609329
54035533
76046543
22907029
81672433
68424344
19859068
21866058
22094860
96733063
34734797
14219041
63259974
98664904
58425056
31568133
43973136
94071685
12221151
24628175
92360324
58661288
18297490
14640266
26899495
95781044
56238349
47514114
12595224
68626044
45042275
38935644
7096648
6516548
44732520
77431661
95695979
26289533
38511523
97051992
6500443
2230366
50935415
95978826
67771478
5232091
10208332
83927326
24674536
3793276
56199232
33120619
37898538
70050078
23455020
4529914
18821470
77054348
31072544
63283678
79748496
3821451
31515191
39070148
44008760
59347049
44823280
85302332
94202860
89691143
28923084
97376480
11628169
12798532
81771496
27247139
69247491
18346024
36028701
84692418
31790233
93709389
85856233
58095166
67148990
26895440
50416550
9346335
63654621
9367912
18503392
43833218
90408870
19154122
39435364
74612449
50876241
10217515
6916971
95926269
75087066
95261681
7122833
70147827
21301618
29492040
56472619
14116382
91540527
68335970
66865444
21630813
27930939
93491951
44020039
86411312
98599210
6210483
70385255
87696591
45343099
93327297
81682637
95067597
30174304
34031092
55991590
88345509
87083933
29739054
19113917
55822763
98874464
39176897
77287027
99200633
61310838
35102689
28953942
70696304
6911622
24927471
28606630
1448204
67563857
36458990
2072012
98139503
42306921
3184162
57086879
23159329
30658290
14691516
33029134
62087827
64602484
71806669
45863200
58301154
51107166
24447957
82074946
65016522
6372344
35538560
38914967
56265406
23925624
71487113
55955613
54582469
67053824
91224721
11848643
83824598
89265036
47751620
43778391
98249126
69684231
89017454
46798281
12177057
69652823
